count: 20
width: 4
height: 5
rate: 10

@s0
 00 
0  0
0  0
0  0
 00 

@e0
 00 
0  0
0  0
0  0
 00 

@s1
  1 
  1 
  1 
  1 
  1 

@e1
  1 
  1 
  1 
  1 
  1 

@s2
 22 
2  2
  2 
 2  
2222

@e2
 22 
2  2
  2 
 2  
2222

@s3
 33 
3  3
  3 
3  3
 33 

@e3
 33 
3  3
  3 
3  3
 33 

@s4
  4 
4 4 
4 4 
4444
  4 

@e4
  4 
4 4 
4 4 
4444
  4 

@s5
5555
5   
555 
   5
555 

@e5
5555
5   
555 
   5
555 

@s6
 66 
6   
666 
6  6
 66 

@e6
 66 
6   
666 
6  6
 66 

@s7
7777
   7
  7 
  7 
  7 

@e7
7777
   7
  7 
  7 
  7 

@s8
 88 
8  8
 88 
8  8
 88 

@e8
 88 
8  8
 88 
8  8
 88 

@s9
 99 
9  9
 999
   9
 99 

@e9
 99 
9  9
 999
   9
 99 
