count: 20
width: 4
height: 5

 00 
0  0
0  0
0  0
 00 

 00 
0  0
0  0
0  0
 00 

  1 
  1 
  1 
  1 
  1 

  1 
  1 
  1 
  1 
  1 

 22 
2  2
  2 
 2  
2222

 22 
2  2
  2 
 2  
2222

 33 
3  3
  3 
3  3
 33 

 33 
3  3
  3 
3  3
 33 

  4 
4 4 
4 4 
4444
  4 

  4 
4 4 
4 4 
4444
  4 

5555
5   
555 
   5
555 

5555
5   
555 
   5
555 

 66 
6   
666 
6  6
 66 

 66 
6   
666 
6  6
 66 

7777
   7
  7 
  7 
  7 

7777
   7
  7 
  7 
  7 

 88 
8  8
 88 
8  8
 88 

 88 
8  8
 88 
8  8
 88 

 99 
9  9
 999
   9
 99 

 99 
9  9
 999
   9
 99 
